# 狮子座 特征覆盖图（空格=基础身体）
name: 狮子座
                        
           xx           
           99           
                        
       88      88       
     88          88     
      8          8      
    8              8    
   8                8   
  8                  8  
  8                  8  
   8                8   
   8                8   
    8              8    
     8            8     
       8        8       
                        
                        
                        
                        
                        
                        
                        
                        
